D1: 0.92
D2: 0.9058333
D3: 0.91
P1: 0.8736364
P2: 0.8717647
P3: 0.8758333